[7389.52,
 4493.01,
 5738.09,
 2591.24,
 6622.97,
 5496.27,
 3043.13,
 7340.64,
 6780.85,
 5237.24,
 2273.55,
 2480.33,
 4179.72,
 4918.79,
 7030.54,
 4599.65,
 5282.57,
 8627.2,
 9913.27,
 3220.45,
 6849.12,
 6236.52,
 5226.04,
 1625.19,
 3124.62,
 3342.35,
 5701.7,
 4656.29,
 4563.53,
 5867.54,
 6151.14,
 7404.46,
 3711.23,
 3706.78,
 5656.77,
 8588.35,
 2738.93,
 3357.24,
 2812.45,
 6533.16,
 7229.87,
 5597.34,
 5827.35,
 3328.79,
 7085.83,
 8614.12,
 8222.62,
 1548.61,
 3727.66,
 3488.36,
 8325.78,
 1378.8,
 7153.77,
 1649.91,
 6010.04,
 1606.86,
 6820.84,
 5411.26,
 6558.74,
 6407.69,
 6251.99,
 6733.62,
 5137.67,
 4171.76,
 1640.06,
 2746.79,
 4279.6,
 4571.26,
 4430.53,
 3182.09,
 2588.6,
 5945.63,
 4606.44,
 2723.39,
 4274.8,
 9215.41,
 3950.94,
 6252.3,
 1300.89,
 4866.12,
 5430.55,
 2907.38,
 5665.33,
 3219.33,
 9062.59,
 4735.66,
 3690.75,
 3579.63,
 5276.01,
 3231.52,
 5744.26,
 5121.83,
 4509.96,
 4216.81,
 4736.38,
 4269.87,
 1998.75,
 4823.99,
 1420.71,
 5758.67,
 6201.23,
 5116.34,
 1196.53,
 2910.08,
 4110.98,
 416.55,
 4547.97,
 9520.58,
 3608.69,
 5257.16,
 696.88,
 787.57,
 3727.65,
 3880.07,
 3371.7,
 1664.4,
 5287.36,
 3416.82,
 5592.66,
 1597.44,
 8180.81,
 4831.73,
 7219.99,
 3021.3,
 482.01,
 4796.13,
 4861.06,
 2070.25,
 4843.5,
 6509.25,
 3425.45,
 6872.29,
 4429.76,
 5992.86,
 3976.47,
 4814.25,
 2924.29,
 5145.01,
 -539.23,
 4566.61,
 5856.18,
 4795.64,
 3847.71,
 5736.79,
 3682.25,
 4682.94,
 5560.03,
 7969.67,
 3485.48,
 3415.63,
 7550.6,
 6221.36,
 9027.17,
 5436.98,
 6979.77,
 4509.53,
 6204.95,
 5817.77,
 4665.88,
 1676.09,
 6690.06,
 4837.09,
 6755.66,
 7202.17,
 7576.35,
 4371.48,
 3779.86,
 4965.08,
 8448.77,
 2101.18,
 8031.36,
 1340.15,
 3086.88,
 5835.32,
 6377.5,
 3537.61,
 6448.07,
 7320.05]