[19,
 43,
 87,
 83,
 17,
 2,
 29,
 13,
 80,
 23,
 26,
 6,
 15,
 43,
 41,
 12,
 58,
 7,
 34,
 45,
 19,
 2,
 82,
 23,
 31,
 16,
 53,
 26,
 73,
 1,
 66,
 13,
 14,
 3,
 33,
 52,
 32,
 53,
 37,
 47,
 99,
 89,
 50,
 40,
 17,
 17,
 2,
 65,
 19,
 79,
 74,
 42,
 48,
 12,
 24,
 24,
 42,
 17,
 90,
 6,
 2,
 27,
 3,
 94,
 59,
 50,
 51,
 19,
 7,
 2,
 51,
 55,
 78,
 42,
 9,
 3,
 39,
 27,
 42,
 22,
 38,
 43,
 68,
 3,
 24,
 1,
 10,
 3,
 82,
 65,
 17,
 2,
 92,
 35,
 73,
 18,
 39,
 35,
 33,
 23,
 48,
 63,
 63,
 14,
 39,
 47,
 13,
 99,
 56,
 22,
 44,
 24,
 12,
 4,
 18,
 58,
 81,
 12,
 85,
 37,
 96,
 12,
 16,
 1,
 65,
 44,
 16,
 7,
 80,
 53,
 82,
 25,
 90,
 98,
 29,
 67,
 32,
 89,
 11,
 9,
 45,
 8,
 17,
 72,
 89,
 63,
 68,
 23,
 52,
 36,
 17,
 2,
 71,
 54,
 8,
 5,
 58,
 5,
 20,
 29,
 60,
 31,
 59,
 31,
 29,
 6,
 11,
 9,
 8,
 5,
 59,
 66,
 55,
 23,
 12,
 28,
 34,
 72]